0.352432918724868
0.352078242421567
0.351723566118267
0.351368889814966
0.351014213511665
0.350659537208365
0.350304860905064
0.349950184601763
0.349595508298463
0.349240831995162
0.348886155691862
0.348531479388561
0.348176803085260
0.347822126781960
0.347467450478659
0.347112774175358
0.346758097872058
0.346403421568757
0.346048745265456
0.345694068962156
0.345339392658855
0.344984716355554
0.344630040052254
0.344275363748953
0.343920687445653
0.343566011142352
0.343211334839051
0.342856658535751
0.342501982232450
0.342147305929149
0.341792629625849
0.341437953322548
0.341083277019247
0.340728600715947
0.340373924412646
0.340019248109346
0.339664571806045
0.339309895502744
0.338955219199444
0.338600542896143
0.338245866592842
0.337891190289541
0.337536513986240
0.337181837682939
0.336827161379637
0.336472485076334
0.336117808773029
0.335763132469720
0.335408456166405
0.335053779863076
0.334699103559725
0.334344427256330
0.333989750952854
0.333635074649231
0.333280398345332
0.332925722040926
0.332571045735580
0.332216369428495
0.331861693118195
0.331507016801947
0.331152340474696
0.330797664127093
0.330442987741839
0.330088311286942
0.329733634703217
0.329378957881184
0.329024280618328
0.328669602540032
0.328314922953330
0.327960240576361
0.327605553037931
0.327250855951785
0.326896141204181
0.326541393786251
0.326186585934457
0.325831666291565
0.325476539856572
0.325121030896021
0.324764814337508
0.324407288862472
0.324047342157898
0.323682916696793
0.323310206583515
0.322922172105740
0.322505792742844
0.322036988505878
0.321471234793592
0.320726233835794
0.319649970089934
0.317961993944491
0.315146085039777
0.310256030552754
0.301570921304656
0.286005825816263
0.258177608350327
0.209155866043832
0.125492078002505
-0.00945116724977113
-0.208141215453716
-0.464452982071960
-0.744001640867731
-0.998193498719884
-1.19386015365031
-1.32606824580356
-1.40776022399420
-1.45552793598995
-1.48261098108162
-1.49774784096310
-1.50618950680228
-1.51094017610953
-1.51367421606942
-1.51531179803733
-1.51635479907531
-1.51707583477466
-1.51762266114298
-1.51807526556048
-1.51847692110227
-1.51885103028987
-1.51921024705992
-1.51956141280088
-1.51990822612239
-1.52025268651223
-1.52059587488015
-1.52093837554510
-1.52128050436598
-1.52162243206793
-1.52196425091015
-1.52230601072348
-1.52264773838863
-1.52298944836156
-1.52333114835763
-1.52367284241675
-1.52401453255043
-1.52435621961894
-1.52469790378815
-1.52503958475362
-1.52538126183167
-1.52572293396894
-1.52606459969526
-1.52640625702949
-1.52674790333782
-1.52708953513792
-1.52743114783570
-1.52777273537589
-1.52811428978029
-1.52845580053867
-1.52879725380611
-1.52913863134539
-1.52947990913383
-1.52982105552808
-1.53016202884670
-1.53050277418593
-1.53084321922528
-1.53118326870272
-1.53152279713725
-1.53186163924313
-1.53219957730364
-1.53253632453998
-1.53287150320546
-1.53320461573232
-1.53353500672873
-1.53386181292563
-1.53418389725467
-1.53449976203021
-1.53480743461843
-1.53510431688628
-1.53538698697621
-1.53565093834486
-1.53589023627173
-1.53609706584343
-1.53626113730920
-1.53636890412190
-1.53640253521228
-1.53633856521157
-1.53614612336480
-1.53578461251052
-1.53520067235968
-1.53432421502801
-1.53306326435474
-1.53129726397139
-1.52886844456587
-1.52557076485034
-1.52113587786565
-1.51521555276678
-1.50736005344596
-1.49699222675352
-1.48337762524791
-1.46559209283911
-1.44249016145644
-1.41268066660788
-1.37452041939489
-1.32614239426781
-1.26554053819900
-1.19073601115933
-1.10004406090752
-0.992439831777167
-0.867980598902571
-0.728186959181691
-0.576240474806289
-0.416859328750351
-0.255796028375582
-0.0990448719045440
0.0480220076927976
0.181336830863657
0.298469488952659
0.398593122454240
0.482185162709702
0.550612600098008
0.605727071357906
0.649541655755846
0.684011012068314
0.710904844403346
0.731751556841960
0.747827908746915
0.760175013991510
0.769626886437604
0.776842874322044
0.782339117888339
0.786516667370510
0.789685409036240
0.792083779580595
0.793894655555125
0.795257961524921
0.796280562435704
0.797043961413485
0.797610253445314
0.798026709268705
0.798329292666749
0.798545352478831
0.798695679019057
0.798796072695295
0.798858539230643
0.798892199618328
0.798903982461312
0.798899150489146
0.798881700824291
0.798854669187742
0.798820361049891
0.798780527243080
0.798736497364040
0.798689281102646
0.798639645203117
0.798588171914517
0.798535303380995
0.798481375352946
0.798426642787596
0.798371299290015
0.798315491876351
0.798259332184734
0.798202904988533
0.798146274661061
0.798089490084649
0.798032588378421
0.797975597729015
0.797918539540122
0.797861430064760
0.797804281644746
0.797747103651909
0.797689903202797
0.797632685701396
0.797575455251255
0.797518214968421
0.797460967219083
0.797403713800018
0.797346456075617
0.797289195081937
0.797231931605716
0.797174666244364
0.797117399451528
0.797060131571688
0.797002862866426
0.796945593534376
0.796888323726372
0.796831053556949
0.796773783113081
0.796716512460812
0.796659241650293
0.796601970719606
0.796544699697668
0.796487428606440
0.796430157462594
0.796372886278794
0.796315615064654
0.796258343827475
0.796201072572802
0.796143801304844
0.796086530026798
0.796029258741093
0.795971987449570
0.795914716153631
0.795857444854337
0.795800173552497
0.795742902248722
0.795685630943479
0.795628359637121
0.795571088329916
0.795513817022068
0.795456545713732
0.795399274405024
0.795342003096036
0.795284731786833
0.795227460477468
0.795170189167980
0.795112917858398
0.795055646548745
0.794998375239038
0.794941103929291
0.794883832619512
0.794826561309709
0.794769289999889
0.794712018690054
0.794654747380210
0.794597476070357
0.794540204760499
0.794482933450636
0.794425662140770
0.794368390830901
0.794311119521030
0.794253848211157
0.794196576901284
0.794139305591409
0.794082034281534
0.794024762971659
0.793967491661783
0.793910220351906
0.793852949042030
0.793795677732153
0.793738406422276
0.793681135112399
0.793623863802522
0.793566592492645
0.793509321182768
0.793452049872891
0.793394778563014
0.793337507253137
0.793280235943260
0.793222964633383
0.793165693323505
0.793108422013628
0.793051150703751
0.792993879393874
0.792936608083997
0.792879336774120
0.792822065464242
0.792764794154365
0.792707522844488
0.792650251534611
0.792592980224734
0.792535708914856
0.792478437604979
